9.991383552551269531e-02
-5.734453201293945312e-01
-5.387093406170606613e-03
1.192078441381454468e-01
-1.114070713520050049e-01
1.602077484130859375e-01
-9.909281879663467407e-02
1.995798945426940918e-01
1.535024344921112061e-01
-7.186868786811828613e-02
-3.089289069175720215e-01
8.088690042495727539e-01
1.130553558468818665e-01
1.096011161804199219e+00
1.150482222437858582e-01
1.263789087533950806e-01
6.472042202949523926e-02
-4.892982840538024902e-01
7.185000181198120117e-01
-4.772251546382904053e-01
-1.395161449909210205e-01
5.165181308984756470e-02
-7.503224611282348633e-01
1.363214105367660522e-01
1.964868068695068359e+00
2.569682002067565918e-01
-3.924155235290527344e-02
8.960336446762084961e-02
-7.295950502157211304e-02
-7.726874947547912598e-02
-3.607817590236663818e-01
-2.769114971160888672e-01
9.379804134368896484e-02
2.504784613847732544e-02
3.682784438133239746e-01
8.093866705894470215e-02
3.851287066936492920e-02
-1.318342387676239014e-01
-1.872743815183639526e-01
1.436993181705474854e-01
-8.681858181953430176e-01
-3.798709213733673096e-01
1.228905022144317627e-01
-1.162354499101638794e-01
-1.210918426513671875e-01
-1.640235185623168945e-01
1.060667857527732849e-01
1.023064017295837402e+00
-3.929894268512725830e-01
1.370599269866943359e-01
1.281000673770904541e-01
6.066121160984039307e-03
-7.485393285751342773e-01
-8.127622306346893311e-02
5.461490154266357422e-01
-2.046406269073486328e-01
-8.364992588758468628e-02
-1.145558953285217285e-01
3.685802221298217773e-04
9.200765937566757202e-02
5.884914398193359375e-01
-2.213769555091857910e-01
2.870415449142456055e-01
6.038357615470886230e-01
-2.137343585491180420e-01
-3.652615249156951904e-01
-1.054926067590713501e-01
-1.026432067155838013e-01
7.814241647720336914e-01
6.137980520725250244e-02
-2.949824333190917969e-01
5.372478961944580078e-01
1.130640655755996704e-01
-3.269490003585815430e-01
2.071462273597717285e-01
-1.466354012489318848e+00
1.203998476266860962e-01
8.146966099739074707e-01
8.415430784225463867e-02
1.912318766117095947e-01
7.979124039411544800e-02
8.626769483089447021e-02
2.519212961196899414e-01
1.637462973594665527e-01
8.741316199302673340e-02
-1.098210588097572327e-01
1.048516482114791870e-01
-5.507215857505798340e-02
6.685764342546463013e-02
-1.192212939262390137e+00
-2.309525012969970703e-01
-4.789079427719116211e-01
-1.272617876529693604e-01
-4.609834775328636169e-02
9.486657381057739258e-02
3.182047605514526367e-01
-1.885321289300918579e-01
7.830207049846649170e-02
-2.358465194702148438e-01
6.800950318574905396e-02
-1.100801527500152588e-01
-1.423707753419876099e-01
8.128185570240020752e-02
-3.640846610069274902e-01
-3.829366713762283325e-02
6.673648953437805176e-03
1.405405402183532715e-01
-4.544378519058227539e-01
8.611874282360076904e-02
1.136573910713195801e+00
7.442553043365478516e-01
2.664171755313873291e-01
-2.495002746582031250e-01
-1.907823532819747925e-01
-3.785515427589416504e-01
1.207125633955001831e-01
1.055249720811843872e-01
3.041413426399230957e-01
1.046221852302551270e-01
-1.063551306724548340e-01
4.409629106521606445e-02
5.988955497741699219e-01
-1.246426850557327271e-01
-2.083461135625839233e-01
9.509104490280151367e-02
-1.227748543024063110e-01
1.413955837488174438e-01
9.756803512573242188e-02
-1.325797289609909058e-02
-7.443612068891525269e-02
4.483991861343383789e-02
1.860843598842620850e-01
6.946314126253128052e-02
2.127479463815689087e-01
-1.094300895929336548e-01
-9.596154689788818359e-01
-9.937043488025665283e-02
1.241363212466239929e-01
1.151275262236595154e-01
-2.371138334274291992e-01
-1.009804010391235352e-02
1.368021726608276367e+00
4.816161990165710449e-01
1.065094172954559326e-01
7.369245588779449463e-02
1.999744474887847900e-01
8.021344244480133057e-02
-5.130029916763305664e-01
3.437432944774627686e-01
-1.729504168033599854e-01
5.735732614994049072e-03
2.683452665805816650e-01
-2.814360558986663818e-01
5.265894532203674316e-02
-5.933242291212081909e-02
9.018050879240036011e-02
-9.235762059688568115e-02
4.243980646133422852e-01
4.173596799373626709e-01
-3.528769612312316895e-01
1.720331907272338867e-01
5.240114331245422363e-01
-9.756368398666381836e-02
1.107715070247650146e-01
-2.861344069242477417e-02
-2.331128418445587158e-01
9.187922626733779907e-02
-1.132322996854782104e-01
8.521505445241928101e-02
1.220131441950798035e-01
-1.360635906457901001e-01
-1.323912888765335083e-01
1.539333760738372803e-01
1.419494867324829102e+00
-2.003116607666015625e-01
1.504746824502944946e-01
9.778790175914764404e-02
2.526156604290008545e-02
7.104329019784927368e-02
-9.331198036670684814e-02
-4.220336303114891052e-02
-1.594987064599990845e-01
-8.508627116680145264e-02
-8.039910346269607544e-02
3.243715763092041016e-01
-5.026660859584808350e-03
4.315557777881622314e-01
1.890230476856231689e-01
1.142398789525032043e-01
-3.061987459659576416e-01
-1.356408372521400452e-02
-1.397913396358489990e-01
6.089092046022415161e-02
-5.816269516944885254e-01
-5.156884789466857910e-01
4.225461483001708984e-01
-4.930752143263816833e-02
-9.979538619518280029e-02
5.081123113632202148e-02
1.092026382684707642e-01
1.322180151939392090e+00
-1.222003400325775146e-01
1.848635673522949219e-01
-3.834445476531982422e-01
-2.054451256990432739e-01
1.682330667972564697e-01
-5.199276655912399292e-02
3.412608802318572998e-02
1.260252296924591064e-02
-1.808464229106903076e-01
1.808946430683135986e-01
-5.629494041204452515e-02
-2.021525204181671143e-01
-5.892209708690643311e-03
-3.527134656906127930e-03
8.780077099800109863e-03
-1.056610718369483948e-01
-1.924134194850921631e-01
-1.150450855493545532e-02
-7.974755764007568359e-02
3.414628282189369202e-02
-1.595520526170730591e-01
2.986682653427124023e-01
1.104630306363105774e-01
1.027722135186195374e-01
-6.800726056098937988e-03
5.522014573216438293e-02
-1.211659610271453857e-02
1.892356574535369873e-01
-4.463217258453369141e-01
-6.124143004417419434e-01
-8.002196252346038818e-02
-1.864733099937438965e-01
3.213199228048324585e-02
1.502141952514648438e-01
-1.214499026536941528e-01
-2.025132775306701660e-01
-4.791246056556701660e-01
-1.379705667495727539e-01
-7.475883960723876953e-01
1.046545580029487610e-01
-7.548186182975769043e-02
-9.113000333309173584e-02
2.381270825862884521e-01
1.654487550258636475e-01
1.208633184432983398e-01
5.730121135711669922e-01
1.373750865459442139e-01
1.068422570824623108e-01
-2.049073576927185059e-02
-8.679462224245071411e-02
3.848014771938323975e-02
6.185800433158874512e-01
1.507386565208435059e-02
-1.205198466777801514e-03
2.283131778240203857e-01
-1.518315076828002930e-01
7.336507439613342285e-01
1.102756932377815247e-01
-1.171096414327621460e-01
1.083848550915718079e-01
1.175110191106796265e-01
1.096867769956588745e-01
-4.392920434474945068e-01
-1.153874173760414124e-01
3.807660043239593506e-01
-8.854859322309494019e-02
4.280172660946846008e-02
-1.490934193134307861e-01
-1.031953021883964539e-01
-5.028711557388305664e-01
-1.901010870933532715e-01
1.190726235508918762e-01
-8.478394150733947754e-01
1.298575699329376221e-01
-2.592038363218307495e-03
1.118901371955871582e-02
-4.558063298463821411e-02
7.948085665702819824e-02
8.343450725078582764e-02
1.301068812608718872e-02
1.232444420456886292e-01
-9.650257229804992676e-02
2.131273448467254639e-01
-9.228340983390808105e-01
1.949222534894943237e-01
-1.235151961445808411e-01
-2.118264883756637573e-02
4.856390357017517090e-01
1.338083297014236450e-01
-2.061273157596588135e-02
8.640356361865997314e-02
-9.704457223415374756e-02
1.069509238004684448e-01
-1.526691764593124390e-01
-1.253787726163864136e-01
1.487647294998168945e-01
2.183041870594024658e-01
-3.306275904178619385e-01
7.570613175630569458e-03
-2.965269684791564941e-01
-4.318054020404815674e-01
8.576527237892150879e-02
7.046275138854980469e-01
-8.581615984439849854e-02
-1.269140690565109253e-01
1.271399855613708496e-01
1.430436968803405762e-01
-1.751476526260375977e-01
-1.008714288473129272e-01
-8.325977623462677002e-02
-1.885590076446533203e+00
7.318783402442932129e-01
4.215456545352935791e-01
-3.924634158611297607e-01
1.184321939945220947e-01
1.275996416807174683e-01
1.703675687313079834e-01
-1.376646459102630615e-01
-6.659421324729919434e-02
2.882499098777770996e-01
-6.960942596197128296e-02
-3.079406619071960449e-01
1.069613918662071228e-01
1.288235545158386230e+00
6.266744136810302734e-01
-3.118907660245895386e-02
-5.007709264755249023e-01
4.352222681045532227e-01
1.171570122241973877e-01
-1.258746534585952759e-01
2.371450364589691162e-01
4.619127511978149414e-02
-1.071958422660827637e+00
-1.009941697120666504e-01
3.792402148246765137e-01
-1.125990748405456543e-01
-7.853464782238006592e-02
1.462078809738159180e+00
8.632238507270812988e-01
-1.841942071914672852e-01
1.041044592857360840e-01
-8.153147250413894653e-02
-6.248567104339599609e-01
-8.089840412139892578e-04
5.624928474426269531e-01
1.268967390060424805e-01
5.752466991543769836e-02
3.133749365806579590e-01
1.754000306129455566e+00
1.084018796682357788e-01
-1.134724095463752747e-01
-3.199254870414733887e-01
-1.460651159286499023e-01
-7.084986567497253418e-02
2.928715944290161133e-01
-2.050480246543884277e-01
1.713860034942626953e-02
4.800003394484519958e-02
3.824001550674438477e-01
-1.130735427141189575e-01
1.100021079182624817e-01
-3.951818495988845825e-02
4.152207821607589722e-02
-3.989534080028533936e-01
6.263250708580017090e-01
6.764551997184753418e-02
6.288111209869384766e-02
1.085471212863922119e-01
-4.985302090644836426e-01
3.542292490601539612e-02
-2.100312858819961548e-01
8.588813990354537964e-02
9.961417317390441895e-02
8.022201061248779297e-02
1.136659756302833557e-01
-2.509710788726806641e-01
9.603761136531829834e-02
7.404644787311553955e-02
1.169729828834533691e-01
1.436010301113128662e-01
-7.975045591592788696e-02
1.055431291460990906e-01
-1.107560694217681885e-01
-1.195823073387145996e+00
1.339724361896514893e-01
5.271049737930297852e-01
-5.922736227512359619e-02
3.892335891723632812e-01
-9.847992658615112305e-02
-1.044782623648643494e-01
-1.014135926961898804e-01
3.437849879264831543e-01
3.759005367755889893e-01
-5.466136336326599121e-01
1.211874112486839294e-01
-1.318460702896118164e-01
-4.324015974998474121e-02
1.267279237508773804e-01
-8.583755046129226685e-02
-1.987293958663940430e-01
2.700939178466796875e-01
-8.183521032333374023e-02
4.795441031455993652e-02
1.417586505413055420e-01
-1.300597637891769409e-01
3.146290779113769531e-03
-1.035408675670623779e-01
9.462049603462219238e-02
3.501468896865844727e-02
-9.824232012033462524e-02
-2.721223235130310059e-01
-7.052335143089294434e-02
-1.182126924395561218e-01
-6.105342507362365723e-02
2.400951981544494629e-01
9.792874008417129517e-02
1.660318136215209961e+00
-2.847307324409484863e-01
-1.144072264432907104e-01
-6.548774987459182739e-02
-1.245902329683303833e-01
2.486675977706909180e-03
-5.710048079490661621e-01
9.336860477924346924e-02
1.757352650165557861e-01
1.271857023239135742e-01
-1.808054089546203613e+00
-1.068138852715492249e-01
5.493221879005432129e-01
1.613436043262481689e-01
3.116132318973541260e-01
-1.248793378472328186e-01
-1.053270623087882996e-01
-9.100325703620910645e-01
3.160072565078735352e-01
1.032811328768730164e-01
2.641316503286361694e-02
6.187171339988708496e-01
-2.074844986200332642e-01
1.408191323280334473e-01
9.821897000074386597e-02
2.976983785629272461e-03
3.938521444797515869e-02
-1.605027019977569580e-01
3.237302601337432861e-01
1.404415369033813477e-01
-4.420652613043785095e-02
-5.238142013549804688e-01
1.398462504148483276e-01
-1.090702190995216370e-01
5.589464306831359863e-01
-7.594077289104461670e-02
-1.758368611335754395e-01
1.370723396539688110e-01
-5.258116126060485840e-01
7.906556129455566406e-04
6.356692314147949219e-02
1.876129150390625000e+00
-2.625711560249328613e-01
9.616672247648239136e-02
2.669684886932373047e-01
1.959706246852874756e-01
3.307187557220458984e-01
2.359844148159027100e-01
5.864695459604263306e-02
1.652199923992156982e-01
7.658864557743072510e-02
-1.145982891321182251e-01
-6.195171177387237549e-02
-1.055548489093780518e-01
-1.108657270669937134e-01
-4.389076828956604004e-01
-7.213705033063888550e-02
1.017272248864173889e-01
-5.061492919921875000e-01
-1.202881038188934326e-01
1.207612901926040649e-01
1.075744777917861938e-01
-9.426087141036987305e-02
-8.221106231212615967e-02
1.864499002695083618e-01
6.667330861091613770e-03
-1.368462085723876953e+00
-8.717587590217590332e-02
-1.042498350143432617e-01
7.236567139625549316e-01
3.793034330010414124e-02
2.533836066722869873e-01
-1.908617466688156128e-01
7.649790495634078979e-03
-6.364576518535614014e-02
-2.316846996545791626e-01
4.026781022548675537e-02
-8.851525187492370605e-02
-1.212475746870040894e-01
-2.885228991508483887e-01
1.721499264240264893e-01
-4.629082679748535156e-01
-2.487900555133819580e-01
-3.191900849342346191e-01
-8.828449994325637817e-02
-3.135908395051956177e-02
9.941902160644531250e-01
-9.663640707731246948e-02
1.528748720884323120e-01
-3.865343034267425537e-01
-8.877708762884140015e-02
-2.578758597373962402e-01
1.146931499242782593e-01
1.326449811458587646e-01
-3.780897706747055054e-02
-1.639833897352218628e-01
-1.771698147058486938e-02
-3.245043754577636719e-02
-2.472776174545288086e-02
1.922231912612915039e-02
1.720061898231506348e-01
8.449909090995788574e-02
2.223321199417114258e-01
1.875791847705841064e-01
1.662022471427917480e-01
1.569367945194244385e-01
3.170354664325714111e-02
4.197814315557479858e-02
1.735787540674209595e-01
1.019090294837951660e+00
4.295160174369812012e-01
-3.828346729278564453e-01
-4.111772775650024414e-01
1.828731298446655273e-01
-9.547706693410873413e-02
1.097243428230285645e-01
1.617220789194107056e-02
5.435143411159515381e-02
-9.731522202491760254e-02
-1.201483532786369324e-01
3.105920255184173584e-01
9.874330759048461914e-01
2.409902065992355347e-01
3.942219614982604980e-01
-7.926762849092483521e-02
1.935679614543914795e-01
1.823525577783584595e-01
9.084749221801757812e-02
2.021123766899108887e-01
-1.090513467788696289e-01
8.589380979537963867e-02
-7.659269869327545166e-02
1.278854161500930786e-02
4.653713405132293701e-01
-1.174748614430427551e-01
-5.865724086761474609e-01
-1.976902484893798828e-01
8.411833643913269043e-02
-2.160079926252365112e-01
1.211508512496948242e-01
-2.767783105373382568e-01
-4.232892394065856934e-02
7.879376411437988281e-02
-6.127066016197204590e-01
-8.358315378427505493e-02
-1.124259606003761292e-01
-1.048156619071960449e-01
1.182359457015991211e-01
1.352709233760833740e-01
-1.177789568901062012e-01
-1.244442760944366455e-01
-9.710080921649932861e-03
9.656293690204620361e-02
-3.847153186798095703e-01
-3.664321899414062500e-01
1.745617538690567017e-01
3.372034132480621338e-01
1.874080300331115723e-01
-2.140652835369110107e-01
1.480458378791809082e-01
2.345364242792129517e-01
1.236454248428344727e-01
-6.221340224146842957e-02
-2.163155376911163330e-01
-1.017529964447021484e-01
-9.353910386562347412e-02
-6.512221693992614746e-01
2.225742340087890625e-01
-1.714455485343933105e-01
-3.811062127351760864e-02
6.397133469581604004e-01
3.435215950012207031e-01
5.657151341438293457e-04
-4.315146803855895996e-01
-1.173436418175697327e-01
5.349414050579071045e-02
-1.416219174861907959e-01
-7.526211440563201904e-02
-3.054617941379547119e-01
-5.774182081222534180e-01
-3.732362687587738037e-01
-8.887000381946563721e-03
-1.063054651021957397e-01
-4.015023112297058105e-01
-1.006020545959472656e+00
-3.886957094073295593e-02
4.821154475212097168e-02
1.377637535333633423e-01
1.347934901714324951e-01
9.039837867021560669e-02
1.151890158653259277e-01
1.211409494280815125e-01
-1.175724342465400696e-01
1.953291594982147217e-01
-3.914602696895599365e-01
3.581422865390777588e-01
-2.431981861591339111e-01
-2.223605811595916748e-01
-1.197809338569641113e+00
-8.711306750774383545e-02
1.815703064203262329e-01
1.041343808174133301e-01
-1.328699886798858643e-01
1.822701692581176758e-01
3.072637915611267090e-01
-3.062305152416229248e-01
4.429157078266143799e-02
8.143746852874755859e-02
-4.349327683448791504e-01
1.321402907371520996e+00
-3.815419673919677734e-01
9.036902338266372681e-02
3.795737028121948242e-02
1.525028049945831299e-01
-6.927751004695892334e-02
2.143323421478271484e-01
-1.576291024684906006e-02
-1.906157881021499634e-01
5.502335727214813232e-03
4.298808053135871887e-02
-5.649709701538085938e-02
-1.422880649566650391e+00
-1.799583435058593750e-03
9.270778894424438477e-01
5.367147549986839294e-02
-4.779151082038879395e-02
5.475001037120819092e-02
2.442869246006011963e-01
7.023521512746810913e-02
4.222578555345535278e-02
2.613733291625976562e+00
-9.280510991811752319e-02
1.803255379199981689e-01
1.182142794132232666e-01
1.088921725749969482e-02
2.309470474720001221e-01
1.404033899307250977e+00
-5.777071118354797363e-01
4.388885572552680969e-02
7.729100584983825684e-01
-5.257617682218551636e-02
-3.919343948364257812e-01
5.140010118484497070e-01
-1.465681940317153931e-01
-9.024132788181304932e-02
1.414335370063781738e-01
-1.799547076225280762e-01
-7.718329429626464844e-01
8.689540624618530273e-02
-1.088503003120422363e-02
6.408333778381347656e-02
7.979582250118255615e-02
3.845129311084747314e-01
1.126677915453910828e-01
-1.021906137466430664e+00
1.133345216512680054e-01
-9.343953430652618408e-02
1.034242138266563416e-01
1.179626286029815674e-01
-1.555861234664916992e-01
6.549316048622131348e-01
3.714340925216674805e-01
-2.972714602947235107e-02
-1.082017570734024048e-01
3.525887429714202881e-01
-2.766082584857940674e-01
1.434615552425384521e-01
-2.140105813741683960e-01
3.431926965713500977e-01
9.888928383588790894e-02
6.917105615139007568e-02
-3.184631839394569397e-02
-2.944582998752593994e-01
1.258121430873870850e-01
4.484318569302558899e-02
-9.347007423639297485e-02
-5.128960013389587402e-01
-3.937129676342010498e-02
-1.668975055217742920e-01
-2.304280698299407959e-01
3.159782290458679199e-02
1.765806078910827637e-01
-3.551709353923797607e-01
-1.027528405189514160e+00
1.105682179331779480e-01
-8.290427923202514648e-02
-4.366295412182807922e-02
1.042135506868362427e-01
1.759715080261230469e+00
1.407957971096038818e-01
6.351244449615478516e-02
-1.208040937781333923e-01
-1.220774427056312561e-01
2.070221602916717529e-01
-9.914238750934600830e-02
-1.792210936546325684e-01
-2.095525264739990234e-01
-5.448277592658996582e-01
2.936827540397644043e-01
-1.192811876535415649e-02
1.204685643315315247e-01
6.826620697975158691e-01
1.745792776346206665e-01
1.297935396432876587e-01
-5.234429985284805298e-02
-1.728012412786483765e-02
6.132573354989290237e-03
-3.385257720947265625e-01
7.345102727413177490e-02
3.301805257797241211e-01
2.749605178833007812e-01
-1.282099038362503052e-01
-8.866468071937561035e-02
-4.133692383766174316e-01
-1.059160158038139343e-01
-6.142821907997131348e-02
2.553783059120178223e-01
3.264755904674530029e-01
1.408505141735076904e-01
-4.571914970874786377e-01
-5.777807831764221191e-01
-8.681622147560119629e-02
-3.584089279174804688e-01
-1.676516979932785034e-01
-2.020951509475708008e-01
-6.162077188491821289e-02
-9.919444471597671509e-02
-2.410866133868694305e-02
1.662902534008026123e-03
4.447302222251892090e-02
-3.351228833198547363e-01
-7.425925880670547485e-02
7.133823633193969727e-02
3.226684778928756714e-02
8.654645085334777832e-02
-1.992748677730560303e-01
9.485411643981933594e-02
8.894968032836914062e-02
-1.193955764174461365e-01
7.473218441009521484e-02
-7.387326359748840332e-01
1.176270321011543274e-01
1.077052280306816101e-01
9.466730058193206787e-03
-2.789407968521118164e-01
2.581183314323425293e-01
2.703280448913574219e-01
-7.877798676490783691e-01
-1.038499474525451660e-01
-9.718269109725952148e-03
2.093201689422130585e-02
9.016287326812744141e-02
-3.259693682193756104e-01
-9.909347891807556152e-01
1.460436582565307617e-01
-1.618028879165649414e-01
4.644364118576049805e-02
1.173212230205535889e-01
1.235376968979835510e-01
-2.957846522331237793e-01
-7.810245454311370850e-02
-6.801217794418334961e-01
-1.583905220031738281e-01
-1.267086744308471680e+00
-1.108588576316833496e-01
-9.802671521902084351e-02
-8.381544947624206543e-01
4.500421881675720215e-02
8.000271320343017578e-01
-6.467579305171966553e-02
-2.413361221551895142e-01
-9.556187689304351807e-02
-1.680277138948440552e-01
9.152184426784515381e-02
-1.747741341590881348e+00
-1.947783231735229492e-01
8.212066888809204102e-01
9.480246901512145996e-02
-1.013280749320983887e-01
1.328783035278320312e-01
1.284940242767333984e-01
6.609217822551727295e-02
-1.169181585311889648e+00
-9.015398025512695312e-01
-8.787012100219726562e-02
1.823103427886962891e-02
1.470006629824638367e-02
-1.040181368589401245e-01
-6.460545212030410767e-02
-4.239008426666259766e-01
2.327065169811248779e-01
1.876484751701354980e-01
-1.938790231943130493e-01
1.140725910663604736e-01
-9.819549322128295898e-02
-8.850403875112533569e-02
-1.295526623725891113e-01
4.112775325775146484e-01
-1.379827857017517090e-01
-2.497046738862991333e-01
2.615405321121215820e-01
7.955581545829772949e-01
-2.174440026283264160e-01
-7.952018082141876221e-02
1.284446716308593750e-01
2.455548942089080811e-02
1.230793371796607971e-01
9.501318633556365967e-02
9.631919860839843750e-02
-2.237478494644165039e+00
-1.088509708642959595e-02
-1.887536942958831787e-01
-2.050523459911346436e-02
-2.157729268074035645e-01
-2.799361944198608398e-01
-1.096396297216415405e-01
9.505443274974822998e-02
-8.379827439785003662e-02
8.422132581472396851e-02
1.896353811025619507e-01
-4.256495833396911621e-01
1.022625789046287537e-01
-3.221094608306884766e-01
1.095274806022644043e+00
-5.080744028091430664e-01
-9.024153649806976318e-02
-6.356794387102127075e-02
-6.117504835128784180e-02
-8.772495388984680176e-02
6.684175729751586914e-01
7.745549082756042480e-02
3.358699381351470947e-03
-5.619921535253524780e-02
-9.026944637298583984e-03
1.559289693832397461e+00
1.535390764474868774e-01
-4.509131610393524170e-01
-7.996650785207748413e-02
1.163493245840072632e-01
-2.003118395805358887e-01
5.721405148506164551e-03
-1.578232795000076294e-01
4.196327924728393555e-02
-5.904564857482910156e-01
-8.367635309696197510e-02
1.372020840644836426e-01
-1.251850873231887817e-01
-1.635452806949615479e-01
-1.419891864061355591e-01
1.187042295932769775e-01
-3.256531357765197754e-01
-9.005162864923477173e-02
6.551821529865264893e-02
2.383660078048706055e+00
1.276075541973114014e-01
2.034700810909271240e-01
-1.594234108924865723e-01
1.094015240669250488e-01
-1.370782852172851562e-01
-4.405029416084289551e-01
-3.989726305007934570e-03
1.224631741642951965e-01
-7.770584523677825928e-02
-5.506879836320877075e-02
-4.261495769023895264e-01
2.080694735050201416e-01
3.404060602188110352e-01
4.538184106349945068e-01
-8.925502747297286987e-02
-1.079092323780059814e-01
4.243962466716766357e-04
9.382686018943786621e-02
-9.494897723197937012e-02
-1.619569808244705200e-01
-1.769520491361618042e-01
5.426275730133056641e-02
-1.178549975156784058e-01
1.202011108398437500e-02
-4.156653955578804016e-02
1.181863620877265930e-01
6.499011814594268799e-02
-3.673947229981422424e-02
-5.275999009609222412e-02
1.233000159263610840e-01
3.117963671684265137e-01
3.893773555755615234e-01
1.808099448680877686e-01
-9.273007512092590332e-02
1.125591993331909180e-01
-2.047242820262908936e-01
-1.421978175640106201e-01
4.408678114414215088e-01
9.144926071166992188e-02
5.445972830057144165e-02
-8.614633232355117798e-02
-1.177857875823974609e+00
-1.278875172138214111e-01
1.105400696396827698e-01
-2.799895405769348145e-01
-8.829134702682495117e-02
4.041849449276924133e-02
1.022400707006454468e-01
1.967828273773193359e-01
8.821845054626464844e-02
4.507101774215698242e-01
-3.252179920673370361e-01
-9.796109050512313843e-02
6.885209679603576660e-02
-6.610693037509918213e-02
1.684190034866333008e-01
7.524238526821136475e-02
-2.622755616903305054e-02
1.168352127075195312e+00
9.137333184480667114e-02
4.165403246879577637e-01
-1.204160675406455994e-01
-1.801909208297729492e-01
-9.429022669792175293e-02
-1.115334853529930115e-01
2.347849309444427490e-01
-2.987412512302398682e-01
-8.403707295656204224e-03
-7.552433609962463379e-01
-4.440976679325103760e-02
-1.542195826768875122e-01
-4.200584292411804199e-01
-2.810055911540985107e-01
-1.192741021513938904e-01
4.626791924238204956e-02
-2.388941943645477295e-01
5.325216054916381836e-02
-1.111045479774475098e-02
1.917423158884048462e-01
-2.318911850452423096e-01
-3.277413249015808105e-01
7.747282087802886963e-02
-3.856261968612670898e-01
-5.319781899452209473e-01
-1.174685359001159668e-01
1.238935589790344238e-01
-1.066817939281463623e-01
1.781703829765319824e+00
-1.704285666346549988e-02
5.216141939163208008e-01
2.044082581996917725e-01
3.541459739208221436e-01
2.890282869338989258e-02
-1.158247292041778564e-01
1.042932868003845215e-01
-1.140893623232841492e-01
-3.307873755693435669e-02
2.091677300631999969e-02
1.222971528768539429e-01
7.940629869699478149e-02
6.164990067481994629e-01
1.834918260574340820e-01
-9.960850328207015991e-02
1.526564359664916992e-01
2.530970983207225800e-02
1.023650169372558594e-01
-7.377974689006805420e-02
-2.576693892478942871e-02
5.500411242246627808e-02
-8.364431858062744141e-01
-8.693540096282958984e-02
-1.090840220451354980e+00
4.615201950073242188e-01
9.340252727270126343e-02
-1.638365536928176880e-01
1.798770427703857422e-01
-8.310219645500183105e-02
5.231807231903076172e-01
-9.909650683403015137e-02
2.580690570175647736e-02
2.299637794494628906e-01
1.020374000072479248e-01
3.715425431728363037e-01
2.576599419116973877e-01
3.405190408229827881e-01
2.414283990859985352e+00
1.712933778762817383e-01
-4.998662471771240234e-01
3.575960993766784668e-01
1.444724202156066895e-01
-1.188994944095611572e-02
9.426595270633697510e-02
-1.431342065334320068e-01
9.610060602426528931e-02
-8.739472925662994385e-02
-3.998021036386489868e-02
-1.552437245845794678e-01
1.553547084331512451e-01
-6.272292137145996094e-02
4.984663426876068115e-02
-1.740971356630325317e-01
-8.552582561969757080e-02
1.029673218727111816e-01
-6.958557367324829102e-01
1.565988957881927490e-01
-1.513346880674362183e-01
-1.605724543333053589e-02
2.920138537883758545e-01
1.527026295661926270e+00
-1.604152023792266846e-01
-7.787664234638214111e-02
-3.462129533290863037e-01
-7.807362079620361328e-01
1.322126686573028564e-01
7.875034958124160767e-02
9.923487901687622070e-03
9.536588937044143677e-02
9.659010916948318481e-02
1.871226876974105835e-01
1.351002156734466553e-01
-1.040126442909240723e+00
-1.708032041788101196e-01
4.393498003482818604e-01
-1.310629844665527344e-01
7.967233657836914062e-02
-1.236333847045898438e-01
1.457921415567398071e-01
1.225169152021408081e-01
-1.443855524063110352e+00
1.684017106890678406e-02
-1.000490039587020874e-01
-7.440878152847290039e-01
-9.270481467247009277e-01
-1.023065969347953796e-01
1.833481490612030029e-01
1.609621644020080566e-01
1.217714324593544006e-02
-8.004672080278396606e-02
-3.824335634708404541e-01
5.441275238990783691e-01
-5.027180165052413940e-02
-1.317948937416076660e+00
1.081262752413749695e-01
-1.039255619049072266e+00
-7.082659006118774414e-02
-1.081719174981117249e-01
-1.429962664842605591e-01
8.071617782115936279e-02
-5.182396247982978821e-02
1.004179120063781738e-01
-9.113740921020507812e-02
5.118858218193054199e-01
1.008605211973190308e-02
6.417632102966308594e-03
1.360100954771041870e-01
-1.007105931639671326e-01
-6.021627187728881836e-01
-1.859749406576156616e-01
-9.587876498699188232e-02
1.135724782943725586e-01
1.183486133813858032e-01
9.382223337888717651e-02
-3.755712509155273438e-01
3.330811858177185059e-01
2.482437789440155029e-01
3.161712586879730225e-01
4.465566277503967285e-01
-2.359080016613006592e-01
-5.793049931526184082e-02
1.442901939153671265e-01
-1.013598367571830750e-01
4.577811434864997864e-02
-3.855166435241699219e-01
-6.834662705659866333e-02
-1.051776483654975891e-01
-2.634540200233459473e-02
-6.681922078132629395e-01
-2.632595598697662354e-02
-2.406274341046810150e-02
-1.596102118492126465e-01
2.656030654907226562e-01
2.146804034709930420e-01
-9.415949881076812744e-02
-1.205483525991439819e-01
-8.186300098896026611e-02
6.093348562717437744e-02
1.108485907316207886e-01
3.387049436569213867e-01
6.123877167701721191e-01
-1.070683822035789490e-01
-7.613426446914672852e-01
-5.340501666069030762e-01
-3.520663678646087646e-01
5.127002671360969543e-02
4.853078722953796387e-02
-1.362214088439941406e-01
-1.619742661714553833e-01
1.161062791943550110e-01
-9.785839915275573730e-02
1.967464983463287354e-01
-1.077596694231033325e-01
-8.879576623439788818e-02
-3.908131122589111328e-01
6.445485353469848633e-02
-2.173562943935394287e-01
-4.772217571735382080e-01
1.908362805843353271e-01
-2.081670761108398438e-01
3.268508911132812500e-01
3.565377295017242432e-01
6.077894568443298340e-02
-1.700106859207153320e-01
-2.043593227863311768e-01
1.023932695388793945e+00
-5.011142492294311523e-01
1.508516818284988403e-02
-3.317616134881973267e-02
-6.970814615488052368e-02
-8.696722984313964844e-02
-2.507897317409515381e-01
9.505743980407714844e-01
-3.622618019580841064e-01
5.824876949191093445e-02
1.117863208055496216e-01
2.122526764869689941e-01
-1.629796437919139862e-02
8.947426080703735352e-02
-9.899657964706420898e-02
4.406875073909759521e-01
-9.246981889009475708e-02
-2.649674415588378906e-01
5.510171055793762207e-01
1.157767847180366516e-01
-9.283189475536346436e-02
-8.883702754974365234e-02
2.959509193897247314e-01
-6.819653511047363281e-02
6.911882013082504272e-02
-5.277730524539947510e-02
-4.064116626977920532e-02
1.633801460266113281e+00
-1.311219334602355957e-01
-9.944456070661544800e-02
-9.585902094841003418e-03
1.129352152347564697e-01
-6.576085686683654785e-01
-1.443166136741638184e-01
-3.951305150985717773e-01
-3.901481330394744873e-01
-9.762692451477050781e-02
-2.518946528434753418e-01
-1.257306337356567383e-01
8.126674592494964600e-02
-4.858184158802032471e-01
-1.041163504123687744e-02
-2.840850055217742920e-01
-5.399682372808456421e-02
-1.349997520446777344e-01
7.996170222759246826e-02
-1.242137193679809570e+00
1.639419794082641602e-02
1.257944405078887939e-01
-3.351649641990661621e-02
-2.823361754417419434e-01
-9.142421185970306396e-02
1.458208560943603516e-01
-2.245287299156188965e-01
1.005094125866889954e-01
2.199353873729705811e-01
-1.545666903257369995e-02
-3.147547245025634766e-01
4.152608662843704224e-02
-1.462723016738891602e-01
3.667016625404357910e-01
-1.563379913568496704e-01
2.304385900497436523e-01
-1.155421733856201172e-01
-5.645996928215026855e-01
-5.649909377098083496e-02
1.488143056631088257e-01
-2.681899666786193848e-01
3.965517878532409668e-02
-2.754624485969543457e-01
1.505648195743560791e-01
5.534504652023315430e-01
1.037750318646430969e-01
1.302953213453292847e-01
1.462662369012832642e-01
1.861093044281005859e-01
-4.647419750690460205e-01
-1.060262545943260193e-01
2.391938120126724243e-01
1.129259467124938965e-01
-1.449451744556427002e-01
1.004639342427253723e-01
2.539126016199588776e-02
-5.586675554513931274e-02
-8.471018075942993164e-02
-2.149545252323150635e-01
3.419914245605468750e-01
-1.736463457345962524e-01
1.790880113840103149e-01
1.553720533847808838e-01
-1.055860519409179688e-01
9.757144749164581299e-02
-1.065173149108886719e+00
1.154916211962699890e-01
3.906436264514923096e-02
1.673399955034255981e-01
-3.993957340717315674e-01
-1.804533004760742188e-01
9.807258844375610352e-02
-1.613854914903640747e-01
-4.691651761531829834e-01
-7.014998197555541992e-01
-8.651324510574340820e-01
-1.305127739906311035e-01
1.200293302536010742e-01
-4.538013041019439697e-02
-1.363067030906677246e-01
-3.469618782401084900e-02
-8.865944296121597290e-02
-2.531708776950836182e-02
2.020431905984878540e-01
4.105888307094573975e-03
4.085150361061096191e-02
1.263625919818878174e-01
-2.233051657676696777e-01
-8.072729408740997314e-02
3.147759661078453064e-02
2.663981318473815918e-01
-1.103315055370330811e-01
3.003255128860473633e-01
-2.095972895622253418e-01
-2.655387520790100098e-01
-1.983492970466613770e-01
9.621874243021011353e-02
-6.907579302787780762e-02
9.387395530939102173e-02
1.461100578308105469e-02
1.486782073974609375e+00
-2.831633388996124268e-01
-1.774847880005836487e-02
-7.719999551773071289e-02
8.618781715631484985e-02
1.028785929083824158e-01
1.530303657054901123e-01
1.005467176437377930e-01
9.578773379325866699e-02
9.929749369621276855e-02
2.372488677501678467e-01
-1.129506528377532959e-02
1.274495363235473633e+00
-1.087180376052856445e-01
2.246789187192916870e-01
-4.582791030406951904e-02
8.606257289648056030e-02
-3.600618243217468262e-01
-1.578935384750366211e-01
-9.524173289537429810e-02
4.290293157100677490e-01
1.301155239343643188e-01
-2.634768933057785034e-02
2.407994121313095093e-01
9.395114183425903320e-01
-3.027555346488952637e-02
-1.022465154528617859e-01
-1.122038662433624268e-01
-1.342310309410095215e-01
9.761022776365280151e-02
-1.672160029411315918e-01
6.146223098039627075e-02
4.417378455400466919e-02
-1.110298931598663330e-02
1.809441447257995605e-01
-8.806735277175903320e-04
1.310313642024993896e-01
7.329829782247543335e-02
-6.998919248580932617e-01
-3.090050518512725830e-01
-1.431385576725006104e-01
5.486373901367187500e-01
2.058165967464447021e-01
-2.071765363216400146e-01
4.619604051113128662e-01
1.979301571846008301e-01
-1.356057524681091309e-01
1.033902168273925781e-01
-4.097383841872215271e-02
1.901312470436096191e-01
-1.635957509279251099e-01
6.451410651206970215e-01
1.775026470422744751e-01
2.132181078195571899e-01
-1.337020248174667358e-01
1.981947273015975952e-01
7.075339555740356445e-02
-4.506769478321075439e-01
-9.207800775766372681e-02
6.033623218536376953e-02
3.871211409568786621e-02
8.404840230941772461e-01
4.527813494205474854e-01
-1.785071641206741333e-01
-3.466483652591705322e-01
1.808826774358749390e-01
1.041831821203231812e-01
1.007732599973678589e-01
-2.327749878168106079e-01
-6.046272814273834229e-03
1.130285114049911499e-01
-1.261610835790634155e-01
6.159814596176147461e-01
2.232517600059509277e-01
-4.329216480255126953e-02
-8.463364839553833008e-02
-3.826430439949035645e-02
-8.271505683660507202e-02
5.440776422619819641e-02
-2.601208388805389404e-01
-1.909554153680801392e-01
-1.117057278752326965e-01
2.178831696510314941e-01
3.368146419525146484e-01
1.211484596133232117e-01
-5.366895347833633423e-02
-4.658095240592956543e-01
-6.593016386032104492e-01
9.428475052118301392e-02
7.221687436103820801e-01
1.620624363422393799e-01
-3.333798646926879883e-01
8.964272737503051758e-01
-1.534540653228759766e-01
1.023299768567085266e-01
-2.103802859783172607e-01
1.061859726905822754e-02
4.356797933578491211e-01
-1.505755484104156494e-01
-3.392550647258758545e-01
2.582950890064239502e-02
9.674848616123199463e-02
2.117468863725662231e-01
-1.590429842472076416e-01
1.091118380427360535e-01
-4.380124807357788086e-02
-1.785960048437118530e-01
7.746630907058715820e-02
1.678916215896606445e-01
-9.687423706054687500e-03
1.163260489702224731e-01
1.188757643103599548e-01
-1.889235228300094604e-01
-1.398109793663024902e-01
-1.383564025163650513e-01
5.912087559700012207e-01
-4.437095224857330322e-01
8.907203376293182373e-02
2.237319648265838623e-01
-4.134988784790039062e-01
1.067797914147377014e-01
-1.620495170354843140e-01
-1.499288082122802734e-01
2.862697839736938477e-02
-2.058973908424377441e-02
-1.881499141454696655e-01
4.499645233154296875e-01
-1.080308929085731506e-01
2.210333347320556641e-01
1.539039015769958496e+00
-2.266997694969177246e-01
-2.045685946941375732e-01
1.775690317153930664e-01
-2.136937379837036133e-01
-6.374544650316238403e-02
-5.045983940362930298e-02
-1.291375309228897095e-01
9.005452692508697510e-02
1.035637184977531433e-01
-3.175930678844451904e-02
-1.610640585422515869e-01
-5.949490666389465332e-01
-1.012211963534355164e-01
-1.763163506984710693e-01
-1.139138042926788330e-01
-1.595223397016525269e-01
1.656450927257537842e-01
3.418149352073669434e-01
1.045484170317649841e-01
1.246781870722770691e-01
1.002765744924545288e-01
-2.705582082271575928e-01
-2.036521583795547485e-01
-5.776530504226684570e-02
-1.578421145677566528e-01
-2.444602996110916138e-01
3.826321363449096680e-01
9.349289536476135254e-02
-9.644836187362670898e-02
3.885897696018218994e-01
1.568594574928283691e-01
-3.637538850307464600e-01
2.123655527830123901e-01
2.070427685976028442e-02
-1.349108815193176270e-01
-2.003349542617797852e+00
1.890102177858352661e-01
1.008637174963951111e-01
-1.208987534046173096e-01
2.800641655921936035e-01
1.258985698223114014e-01
5.701252073049545288e-02
9.194495528936386108e-02
9.572292864322662354e-02
1.227924525737762451e-01
-8.633812516927719116e-02
-1.471272110939025879e-01
-2.951727807521820068e-02
4.626795947551727295e-01
6.234271526336669922e-01
-1.603379249572753906e-01
-2.746639966964721680e+00
9.810669720172882080e-02
-8.660918474197387695e-02
2.175231426954269409e-01
1.214735805988311768e-01
-8.147700130939483643e-02
-2.417956739664077759e-01
1.199311241507530212e-01
-7.557298243045806885e-02
3.288783431053161621e-01
-5.626465380191802979e-02
2.937123775482177734e-01
-5.337818264961242676e-01
8.827815949916839600e-02
-1.071422025561332703e-01
1.611804068088531494e-01
-1.569232195615768433e-01
5.051245093345642090e-01
-9.754450619220733643e-02
-4.166496694087982178e-01
1.941425800323486328e-01
2.315568208694458008e+00
5.169844627380371094e-02
-1.302503645420074463e-01
3.366688191890716553e-01
1.602947860956192017e-01
-1.156123355031013489e-01
-3.673881292343139648e-01
-2.642321884632110596e-01
1.387989521026611328e-02
3.261384665966033936e-01
-1.203292384743690491e-01
-3.557923436164855957e-01
-2.868196070194244385e-01
-2.516635321080684662e-02
3.274655342102050781e-01
-1.046665906906127930e-01
7.246935367584228516e-01
-1.069907918572425842e-01
1.140036508440971375e-01
-2.537182569503784180e-01
-1.190346479415893555e-01
6.430386006832122803e-02
9.899490326642990112e-02
1.881413012742996216e-01
-4.208979010581970215e-02
5.470843911170959473e-01
1.565891802310943604e-01
2.350600957870483398e+00
1.654873788356781006e-01
4.157700538635253906e-01
-5.713136494159698486e-02
-6.651988625526428223e-02
4.871176779270172119e-01
-2.620406448841094971e-02
-7.877632975578308105e-01
-3.641629219055175781e-01
9.192048758268356323e-02
1.664203256368637085e-01
-2.282449416816234589e-02
1.436520814895629883e-01
3.850032016634941101e-02
-5.464972928166389465e-02
-3.771865665912628174e-01
-1.021678090095520020e+00
2.187968343496322632e-01
-3.368336334824562073e-02
7.365520596504211426e-01
-7.992470264434814453e-02
-2.873151898384094238e-01
1.567040979862213135e-01
1.731020808219909668e-01
-6.188480183482170105e-03
-1.276610493659973145e-01
-7.391370087862014771e-02
6.106468290090560913e-02
2.639501094818115234e-01
1.741418242454528809e-02
1.210583746433258057e-02
1.118335962295532227e+00
-6.343054026365280151e-02
-1.231175303459167480e+00
1.327807009220123291e-01
-2.196659147739410400e-01
3.200928270816802979e-01
2.101294398307800293e-01
3.925777375698089600e-01
-9.873879700899124146e-02
8.146010339260101318e-02
-1.564090251922607422e-01
-3.961578607559204102e-01
-3.965533971786499023e-01
-2.978011965751647949e-03
3.669056296348571777e-01
-9.093197435140609741e-02
-2.386685907840728760e-01
-1.138667240738868713e-01
-1.663824319839477539e-01
-1.441674083471298218e-01
3.790485858917236328e-01
-9.633656740188598633e-01
2.737050130963325500e-02
-5.727121233940124512e-01
-1.063509881496429443e-01
-9.404017031192779541e-02
-5.185769796371459961e-01
1.649020463228225708e-01
2.408541589975357056e-01
-6.216232776641845703e-01
-5.416385829448699951e-02
7.894151657819747925e-02
-1.821887046098709106e-01
1.642393320798873901e-01
-3.273237049579620361e-01
9.135480225086212158e-02
-2.231044292449951172e+00
1.155729591846466064e-01
-4.440717399120330811e-01
9.551038593053817749e-02
-1.201987639069557190e-01
1.193023175001144409e-01
1.453899145126342773e-01
-6.697113066911697388e-02
-2.012625336647033691e-03
6.304545700550079346e-02
-1.415418386459350586e-01
8.747526258230209351e-02
-7.881675660610198975e-02
-2.732795476913452148e-01
1.287276595830917358e-01
-5.760033428668975830e-02
1.857478469610214233e-01
-1.391461491584777832e-01
-6.206653714179992676e-01
5.894248485565185547e-01
-1.083543300628662109e-01
-1.045319139957427979e-01
-1.006926745176315308e-01
1.169476389884948730e+00
-6.882323324680328369e-02
-1.285155773162841797e+00
3.603936433792114258e-01
-1.038096845149993896e-01
-7.767084240913391113e-02
1.521500051021575928e-01
4.365750402212142944e-02
-9.928829967975616455e-02
8.141098171472549438e-02
-1.131315901875495911e-01
-1.211623772978782654e-01
1.826912462711334229e-01
-2.058043241500854492e+00
-5.841435119509696960e-02
7.968428730964660645e-02
5.063121318817138672e-01
1.601845622062683105e-01
-1.246188655495643616e-01
-6.734493374824523926e-02
2.280757725238800049e-01
5.063214898109436035e-01
-1.128004789352416992e+00
1.354591965675354004e+00
2.651549577713012695e-01
-1.963141858577728271e-01
1.383323669433593750e-01
1.810686290264129639e-01
-1.428759843111038208e-01
1.028707772493362427e-01
